#!/usr/bin/env python3
# -*- coding: utf-8 -*-
"""
Created on Sat Nov  2 09:03:21 2019

@author: mc4117
"""

max_error_list = [1.0,
 0.9506203042259038,
 1.4668559581679947,
 0.8558247365741427,
 0.7540346625603445,
 0.6907371276867732,
 0.6519182979628382,
 0.613634695899819,
 0.5298694192396697,
 0.45663275176708523,
 0.45669921879081943,
 0.4431285793693814,
 0.4033031668312883,
 0.35797932692451767,
 0.2981831318777153,
 0.2709924544436599,
 0.26420813455335834,
 0.23697819253939878,
 0.2099376968453584,
 0.22275437096004,
 0.21623460027414565,
 0.20371282398855883,
 0.1925999743579319,
 0.1623531504239203,
 0.1385685793117254,
 0.15475352400599152,
 0.14896904025754332,
 0.14461725246488066,
 0.1394343922727332,
 0.12840584001918837,
 0.11879335551137371,
 0.11342715452199414,
 0.10323919363119888,
 0.10823139303641288,
 0.10431679291507806,
 0.09968603016451066,
 0.09581027793163649,
 0.0900239603483255,
 0.07934453711484213,
 0.08561315288387261,
 0.08411602877626095,
 0.08403414442509693,
 0.08339757811000698,
 0.08130982816716337,
 0.07931309342932819,
 0.07831859055772361,
 0.07581995705881284,
 0.07528533736780707,
 0.07529948516399793,
 0.07434793987611221,
 0.07279202362831821,
 0.07033438042057788,
 0.06975947373842462,
 0.06940041573255756,
 0.06707692379007041,
 0.06414377532909599,
 0.06560939288964335,
 0.06345664818746172,
 0.06145882627829591,
 0.058609380980103876,
 0.05793616466504403,
 0.057899310620937006,
 0.057343464918721165,
 0.0556696482158478,
 0.051290094334617176,
 0.047844341849068106,
 0.0496001807973801,
 0.048384201635633395,
 0.04809197652833691,
 0.04741727489266023,
 0.04490354110710665,
 0.0423467287164071,
 0.042295374983706224,
 0.041576973460688005,
 0.040567726570728435,
 0.03983437325853528,
 0.03726108487818075,
 0.03624836523352659,
 0.03264484466121387,
 0.035268424774593465,
 0.03405219718277147,
 0.03380957634520709,
 0.03264863570893012,
 0.0323252673953911,
 0.032136504095001295,
 0.031229227279193472,
 0.030156545582718297,
 0.028703547641939164,
 0.029510746734038085,
 0.029216176472781352,
 0.02921327899758608,
 0.02918677980544937,
 0.028702023938098287,
 0.027898771246739174,
 0.02776075991709137,
 0.02731223824640855,
 0.026966954728375514,
 0.025979894046546603,
 0.024103451268775167,
 0.02542617598174496,
 0.024667135060294554,
 0.024032132516935145,
 0.02287722424025862,
 0.022178931737265983,
 0.02198721554528532,
 0.021235267732097163,
 0.020367622913783967,
 0.01808254370792922,
 0.019430455148209014,
 0.018870383433231164,
 0.01862582013826658,
 0.018268612769074766,
 0.017648891891495988,
 0.015844970597942876,
 0.016915883193305337,
 0.01641924975002934,
 0.015927687521821665,
 0.015299317059594308,
 0.015082102144693077,
 0.014845477892214853,
 0.0144804053315577,
 0.014062443663749868,
 0.012667902722179769,
 0.013566499794098574,
 0.013154771492258466,
 0.013040638894065815,
 0.01290687305304039,
 0.012695119998136217,
 0.012409477138623948,
 0.01216379883491231,
 0.011789864010915918,
 0.011615160744252173,
 0.011702207419193589,
 0.011580920408490514,
 0.01118760920914963,
 0.0109108610216338,
 0.010291655729694982,
 0.00949753003218301,
 0.009899830940507115,
 0.009826921872302607,
 0.00970169684431621,
 0.009555341158422659,
 0.00933981117048753,
 0.009270947313055236,
 0.009286442246556018]

thetis_list = [0.9999999999999994,
 0.5702811714353317,
 4.190567496574356,
 0.13642356307863526,
 0.06941224923649696,
 0.030242615557032712,
 0.020430118261639832,
 0.011746325738124293,
 0.00548952649927138,
 0.0034394162013971718,
 0.002402253505265424,
 0.002054757120204761,
 0.0014376932433734025,
 0.0009014989955589378,
 0.0005570924538472535,
 0.00041480366110370194,
 0.0003432855833393617,
 0.00023649172342239937,
 0.0002283706692968047,
 0.000199105562044944,
 0.00017911924056789163,
 0.0001514934737955778,
 0.00012584510031997452,
 7.71829042419501e-05,
 0.0001342242304048288,
 6.115823109204344e-05,
 4.606985586581474e-05,
 3.561333122106207e-05,
 3.079476974593322e-05,
 2.5652319231264664e-05,
 2.193671561189715e-05,
 1.947692975766291e-05,
 1.9336641746573057e-05,
 1.7665477759554596e-05,
 1.6072684644977208e-05,
 1.4500087414857367e-05,
 1.3245887711155672e-05,
 1.1211129806746247e-05,
 1.2464687255987825e-05,
 9.98287733305338e-06,
 8.696359208036755e-06,
 7.811794043093376e-06,
 7.01494859807348e-06,
 6.247103865194143e-06,
 5.495380446667758e-06,
 5.079567785084846e-06,
 4.827877715973966e-06,
 4.25235133191178e-06,
 4.137470369517228e-06,
 3.830431718687252e-06,
 3.4185015642964765e-06,
 3.3718204417893754e-06,
 2.965508153590044e-06,
 2.8353303439981214e-06,
 2.511086243123452e-06,
 2.5100585800411857e-06,
 2.316068976007183e-06,
 2.0492764771287254e-06,
 1.8532771220710929e-06,
 1.735167269871312e-06,
 1.593577271996938e-06,
 1.516901750152602e-06,
 1.4628880807581266e-06,
 1.3456745337872088e-06,
 1.1563277050145165e-06,
 1.1638390184569421e-06,
 1.061907939747668e-06,
 9.949994398268795e-07,
 9.54997973601986e-07,
 8.860001648890155e-07,
 7.868770776348411e-07,
 7.121195104068719e-07,
 6.616735909351427e-07,
 6.261108086385085e-07,
 6.051304162644458e-07,
 5.79211428966878e-07,
 5.134215741662886e-07,
 4.77893781701563e-07,
 6.280019560191067e-07,
 4.535102495235303e-07,
 4.108644732040956e-07,
 3.9458039925463107e-07,
 3.6584976925194753e-07,
 3.429960870143001e-07,
 3.3566061308237097e-07,
 3.144414666668038e-07,
 2.9557075675883044e-07,
 2.999638961660454e-07,
 2.877620231198922e-07,
 2.816179530155784e-07,
 2.780904866293448e-07,
 2.698524125074295e-07,
 2.5650719444425216e-07,
 2.4702820780103696e-07,
 2.3421296893828346e-07,
 2.2679108027176373e-07,
 2.227482636765634e-07,
 2.101189646041427e-07,
 2.3271533701868267e-07,
 2.053151882728838e-07,
 1.9617559967336191e-07,
 1.8737419524257746e-07,
 1.7731396379243434e-07,
 1.6738428304583833e-07,
 1.6009636725901864e-07,
 1.4812587784373745e-07,
 1.387593286958391e-07,
 1.4436244572051164e-07,
 1.3351686274620018e-07,
 1.263728271059934e-07,
 1.2223048399753517e-07,
 1.1605079964203505e-07,
 1.0723049197234864e-07,
 1.1316341936939377e-07,
 1.0200095217707765e-07,
 9.4870091535654e-08,
 8.869535506912929e-08,
 8.57108593626735e-08,
 7.982895907943024e-08,
 7.60796044272794e-08,
 7.293154591945342e-08,
 6.915590090785675e-08,
 7.523431278976186e-08,
 6.649432594251028e-08,
 6.204381952240397e-08,
 5.982417528930206e-08,
 5.7217677070874876e-08,
 5.4563898174170295e-08,
 5.1408118831495885e-08,
 4.8227592628824583e-08,
 4.5495790226317395e-08,
 4.5478305380709903e-08,
 4.423750307078685e-08,
 4.267144731695429e-08,
 3.9202924180421193e-08,
 3.6910323413507566e-08,
 3.350490697368942e-08,
 3.362130053900901e-08,
 3.135083071924227e-08,
 2.9180651369162865e-08,
 2.6652480366245043e-08,
 2.5229824797235005e-08,
 2.325259758621569e-08,
 2.1902049216540316e-08,
 2.113916713683001e-08]

output from paper 

paper = [1.000000000000058, 0.5776789202379061, 4.740615070720679, 0.1435558693824489, 0.07397013142166917, 0.030345657093626473, 0.022278252778318616, 0.012019942296887961, 0.007840239881606377, 0.003857650954120182, 0.0030946642181127683, 0.0019200458171313361, 0.001076341134118793, 0.0008871060273021408, 0.0005545589001521251, 0.0004608096900166118, 0.00033530243784595784, 0.00031731765519634684, 0.00023649678867174422, 0.00021132593400281462, 0.00017570784149627296, 0.00013425839068458213, 0.00015231807122187492, 0.00011662928809987022, 9.280583945205486e-05, 8.612492029162911e-05, 7.653510811769236e-05, 6.408467948150972e-05, 4.6683368977594484e-05, 4.440483281048466e-05, 3.262853071370651e-05, 3.054255305902372e-05, 2.833716231710412e-05, 2.4860482537804025e-05, 2.0599955953502488e-05, 1.827972059834282e-05, 1.575887114397787e-05, 1.4388256652262899e-05, 1.195191370035112e-05, 1.0456567774060748e-05, 9.262487114093658e-06, 8.680027101708676e-06, 7.738054420694762e-06, 6.365148953345919e-06, 9.527846004099642e-06, 5.886409188677062e-06, 5.120814029403832e-06, 4.73304261096736e-06, 4.266028318504439e-06, 3.665818543935555e-06, 4.576474266657179e-06, 3.4243976889324455e-06, 3.1538206929711405e-06, 2.9805613297507182e-06, 2.8076477956196735e-06, 2.4714780369171447e-06, 2.784065009166503e-06, 2.350015368097631e-06, 2.128344808847312e-06, 2.03630206260145e-06, 1.918704172031621e-06, 1.8362261665516647e-06, 1.7151458827651544e-06, 1.5781287103847922e-06, 1.4699266919518112e-06, 1.3765900673053382e-06, 1.322015774923429e-06, 1.256077740275119e-06, 1.161601694683651e-06, 1.0650801811186526e-06, 1.0032268498421969e-06, 9.405466064667129e-07, 8.891031883534274e-07, 8.425843770651233e-07, 7.847381452709663e-07, 7.299149269078135e-07, 6.875591571105509e-07, 6.107624927948397e-07, 5.915330711465773e-07, 5.077842787164577e-07, 4.827514638984795e-07, 4.624275338222151e-07, 4.313848374501456e-07, 3.9388190242154055e-07, 3.6469501072317485e-07, 3.3958628193097343e-07, 3.1931185799339185e-07, 3.020610595513802e-07, 2.7823718685651537e-07, 2.560819338578271e-07, 2.4277131973234184e-07, 2.309295516358577e-07, 2.446485888198288e-07, 2.2166290187810553e-07, 2.0758426733779944e-07, 1.9889680110630986e-07, 1.880251223792631e-07, 1.7287589214103255e-07, 1.7915036365738805e-07, 1.6518658637129286e-07, 1.5335308716827687e-07, 1.4772090441582774e-07, 1.4259466086603843e-07, 1.3757193086531684e-07, 1.274552461135279e-07, 1.2192096091006293e-07, 1.1626309189461915e-07, 1.1208706463994089e-07, 1.0842827767603052e-07, 1.0799964840393403e-07, 1.0518748429735061e-07, 1.013552154220341e-07, 9.85606850559631e-08, 9.484986829799096e-08, 8.973285960667016e-08, 1.0133648757445716e-07, 8.776748549415593e-08, 8.405143555654535e-08, 8.12495709903109e-08, 7.691640022729668e-08, 7.269923565561662e-08, 6.798330408825853e-08, 6.467175039120402e-08, 6.135675150183144e-08, 5.853147555553257e-08, 5.694121786031135e-08, 5.355263784122872e-08, 5.155778930997121e-08, 4.889676655994041e-08, 4.620267762859588e-08, 4.307908757877817e-08, 4.094079922019088e-08, 3.9269840125332774e-08, 3.798086617940443e-08, 3.523069601081503e-08, 3.843359023134061e-08, 3.420458117099974e-08, 3.208098216237968e-08, 3.0839737360967765e-08, 2.9618734256268435e-08, 2.814505806892728e-08, 2.9422883945338162e-08, 2.725112841068478e-08]

from matplotlib.ticker import MaxNLocator, LogLocator, NullFormatter
import numpy as np

ax = plt.figure().gca()
ax.semilogy(thetis_list, label = 'Thetis')

ax.semilogy(paper, label = 'Funke et al. (2017)')
ax.set_xlabel('Iteration')
ax.set_ylabel('$J(\eta_{D})$')
ax.xaxis.set_major_locator(MaxNLocator(integer=True))
locmaj = LogLocator(base=10.0, subs=(1.0, ), numticks=100)
ax.yaxis.set_major_locator(locmaj)

locmin = LogLocator(base=10.0, subs=np.arange(2, 10) * .1,
                                      numticks=100)
ax.yaxis.set_minor_locator(locmin)
ax.yaxis.set_minor_formatter(NullFormatter())
ax.legend()
plt.show()